[Profile]
Name=Default
Description=SkillGroups default profile.
Editable=false

[CharacterXpSettings]
UseFlatCharacterXp=false
FlatCharacterXp=10.000000
LevelUpBase=75.000000
LevelUpMult=25.000000

[CharacterXpMultipliers]
OneHanded=1.000000
TwoHanded=1.000000
Archery=1.000000
Block=1.000000
Smithing=1.000000
HeavyArmor=1.000000
LightArmor=1.000000
Pickpocket=1.000000
Lockpicking=1.000000
Sneak=1.000000
Alchemy=1.000000
Speech=1.000000
Alteration=1.000000
Conjuration=1.000000
Destruction=1.000000
Illusion=1.000000
Restoration=1.000000
Enchanting=1.000000

[GroupXpMultiplierScales]
Crafting=0.750000
Command=1.150000
Support=0.750000
Defence=1.400000
Ranged=1.400000
Wealth=0.150000
Melee=1.400000

[PlayerXpMultiplierScales]
OneHanded=1.000000
TwoHanded=1.000000
Archery=1.000000
Block=1.000000
Smithing=1.000000
HeavyArmor=1.000000
LightArmor=1.000000
Pickpocket=1.000000
Lockpicking=1.000000
Sneak=1.000000
Alchemy=1.000000
Speech=1.000000
Alteration=1.000000
Conjuration=1.000000
Destruction=1.000000
Illusion=1.000000
Restoration=1.000000
Enchanting=1.000000

[SkillXpMultipliers]
OneHanded=6.300000
TwoHanded=5.950000
Archery=9.300000
Block=8.100000
Smithing=1.000000
HeavyArmor=3.800000
LightArmor=4.000000
Pickpocket=8.100000
Lockpicking=45.000000
Sneak=11.250000
Alchemy=0.750000
Speech=0.360000
Alteration=3.000000
Conjuration=2.100000
Destruction=1.350000
Illusion=4.600000
Restoration=2.000000
Enchanting=900.000000
