[Profile]
Name=Mage
Description=All magical schools, enchanting, alchemy, and speech.
Editable=false

[CharacterXpSettings]
UseFlatCharacterXp=false
FlatCharacterXp=10.000000
LevelUpBase=75.000000
LevelUpMult=25.000000

[CharacterXpMultipliers]
OneHanded=0.000000
TwoHanded=0.000000
Archery=0.000000
Block=0.000000
Smithing=0.000000
HeavyArmor=0.000000
LightArmor=0.000000
Pickpocket=0.000000
Lockpicking=0.000000
Sneak=0.000000
Alchemy=1.000000
Speech=1.000000
Alteration=1.000000
Conjuration=1.000000
Destruction=1.000000
Illusion=1.000000
Restoration=1.000000
Enchanting=1.000000

[GroupXpMultiplierScales]
Crafting=1.250000
Control=1.916667
Support=1.250000
Defence=0.000000
Ranged=2.333333
Utility=0.250000
Melee=0.000000

[PlayerXpMultiplierScales]
OneHanded=1.000000
TwoHanded=1.000000
Archery=1.000000
Block=1.000000
Smithing=1.000000
HeavyArmor=1.000000
LightArmor=1.000000
Pickpocket=1.000000
Lockpicking=1.000000
Sneak=1.000000
Alchemy=1.000000
Speech=1.000000
Alteration=1.000000
Conjuration=1.000000
Destruction=1.000000
Illusion=1.000000
Restoration=1.000000
Enchanting=1.000000

[SkillXpMultipliers]
OneHanded=0.000000
TwoHanded=0.000000
Archery=0.000000
Block=0.000000
Smithing=0.000000
HeavyArmor=0.000000
LightArmor=0.000000
Pickpocket=0.000000
Lockpicking=0.000000
Sneak=0.000000
Alchemy=0.750000
Speech=0.360000
Alteration=3.000000
Conjuration=2.100000
Destruction=1.350000
Illusion=4.600000
Restoration=2.000000
Enchanting=900.000000
