[Profile]
Name=Warrior
Description=Combat-focused profile for weapons, blocking, heavy armor, smithing, and restoration.
Editable=false

[CharacterXpSettings]
UseFlatCharacterXp=false
FlatCharacterXp=10.000000
LevelUpBase=75.000000
LevelUpMult=25.000000

[CharacterXpMultipliers]
OneHanded=1.000000
TwoHanded=1.000000
Archery=1.000000
Block=1.000000
Smithing=1.000000
HeavyArmor=1.000000
LightArmor=1.000000
Pickpocket=1.000000
Lockpicking=1.000000
Sneak=1.000000
Alchemy=1.000000
Speech=1.000000
Alteration=1.000000
Conjuration=1.000000
Destruction=1.000000
Illusion=1.000000
Restoration=1.000000
Enchanting=1.000000

[SkillGroups]
OneHanded=Melee
TwoHanded=Melee
Archery=Ranged
Block=Melee
Smithing=Crafting
HeavyArmor=Defence
LightArmor=Defence
Pickpocket=Utility
Lockpicking=Utility
Sneak=Support
Alchemy=Crafting
Speech=Utility
Alteration=Support
Conjuration=Control
Destruction=Ranged
Illusion=Control
Restoration=Support
Enchanting=Crafting

[GroupXpMultiplierScales]
Crafting=0.950000
Control=0.000000
Support=0.950000
Defence=1.70000
Ranged=1.70000
Utility=0.000000
Melee=1.70000

[PlayerXpMultiplierScales]
OneHanded=1.000000
TwoHanded=1.000000
Archery=1.000000
Block=1.000000
Smithing=1.000000
HeavyArmor=1.000000
LightArmor=1.000000
Pickpocket=1.000000
Lockpicking=1.000000
Sneak=1.000000
Alchemy=1.000000
Speech=1.000000
Alteration=1.000000
Conjuration=1.000000
Destruction=1.000000
Illusion=1.000000
Restoration=1.000000
Enchanting=1.000000

[SkillXpMultipliers]
OneHanded=6.300000
TwoHanded=5.950000
Archery=9.300000
Block=8.100000
Smithing=1.000000
HeavyArmor=3.800000
LightArmor=0.000000
Pickpocket=0.000000
Lockpicking=0.000000
Sneak=0.000000
Alchemy=0.000000
Speech=0.000000
Alteration=0.000000
Conjuration=0.000000
Destruction=0.000000
Illusion=0.000000
Restoration=2.000000
Enchanting=0.000000
